# Number ot time steps:856 N. contractions:400 N. expansions:454
#   t    y(0)...   Estimated error=0.0746039
# hmin:0.0127324 hmax:0.25882
0 1 2 
0.124117 1.23728 1.80002 
0.218863 1.39679 1.55753 
0.303699 1.51803 1.2973 
0.388535 1.61635 1.02094 
0.47371 1.6916 0.749255 
0.564311 1.74723 0.484446 
0.672126 1.78445 0.214943 
0.811157 1.79457 -0.0565795 
0.941451 1.77436 -0.245223 
1.07175 1.73277 -0.387599 
1.2097 1.67092 -0.505268 
1.36267 1.58523 -0.613024 
1.53894 1.46726 -0.725374 
1.74698 1.30248 -0.862304 
1.98133 1.07978 -1.04798 
2.17216 0.861906 -1.24541 
2.34565 0.626512 -1.47894 
2.51915 0.345041 -1.777 
2.66545 0.0635172 -2.07519 
2.77411 -0.174655 -2.30561 
2.86934 -0.403217 -2.48664 
2.95613 -0.62463 -2.60407 
3.03709 -0.837642 -2.64317 
3.11805 -1.05016 -2.58903 
3.19962 -1.25545 -2.4266 
3.28364 -1.44845 -2.15245 
3.34946 -1.58134 -1.88037 
3.41179 -1.68976 -1.59661 
3.47413 -1.7802 -1.3065 
3.53779 -1.85416 -1.02042 
3.60589 -1.9139 -0.739669 
3.68556 -1.96115 -0.455031 
3.79504 -1.9932 -0.145015 
3.89106 -1.99695 0.0578951 
3.98708 -1.98376 0.210076 
4.08548 -1.95709 0.327158 
4.19045 -1.91758 0.42183 
4.3068 -1.86362 0.502954 
4.44003 -1.7915 0.577767 
4.59722 -1.69461 0.654344 
4.78749 -1.56163 0.744672 
5.02007 -1.37449 0.869884 
5.2661 -1.14053 1.04291 
5.46158 -0.919356 1.23039 
5.63597 -0.686362 1.45262 
5.80673 -0.415239 1.73443 
5.96797 -0.109907 2.05917 
6.078 0.129841 2.29681 
6.17425 0.360499 2.48906 
6.26139 0.583601 2.6204 
6.34223 0.798258 2.67587 
6.42089 1.0081 2.64264 
6.49954 1.21133 2.50749 
6.58559 1.4165 2.24448 
6.65172 1.5563 1.97677 
6.71376 1.67024 1.69387 
6.7758 1.76618 1.3998 
6.83827 1.84449 1.10998 
6.90386 1.90785 0.827135 
6.9783 1.95861 0.544136 
7.0789 1.99703 0.232996 
7.17503 2.00809 0.00704966 
7.27115 2.00027 -0.162139 
7.36748 1.97828 -0.288842 
7.4685 1.94383 -0.389009 
7.57904 1.89602 -0.472893 
7.70424 1.83198 -0.547877 
7.85046 1.74643 -0.621225 
8.02603 1.63023 -0.702702 
8.24088 1.46821 -0.808724 
8.4997 1.23949 -0.96836 
8.71011 1.01825 -1.14483 
8.89278 0.7913 -1.35077 
9.0619 0.542662 -1.6008 
9.23103 0.246084 -1.91635 
9.35576 -0.00944088 -2.18191 
9.45863 -0.245347 -2.3999 
9.54978 -0.471978 -2.56376 
9.63347 -0.69109 -2.65921 
9.71243 -0.902202 -2.67259 
9.79139 -1.11065 -2.58958 
9.87282 -1.31428 -2.39426 
9.94718 -1.48284 -2.12859 
10.0113 -1.61066 -1.8511 
10.0725 -1.71514 -1.56479 
10.1336 -1.80193 -1.27549 
10.1967 -1.87325 -0.989982 
10.265 -1.93106 -0.708577 
10.3466 -1.97674 -0.420274 
10.4497 -2.00455 -0.132334 
10.5439 -2.00731 0.0649826 
10.638 -1.99391 0.213188 
10.735 -1.96743 0.327989 
10.8388 -1.92836 0.42108 
10.954 -1.87511 0.500856 
11.086 -1.80403 0.574288 
11.2418 -1.70866 0.649183 
11.4305 -1.57797 0.7371 
11.6616 -1.39417 0.858414 
11.913 -1.15811 1.03051 
12.1106 -0.937224 1.21557 
12.2862 -0.705506 1.43462 
12.4562 -0.43918 1.70996 
12.6262 -0.120241 2.04937 
12.7363 0.118608 2.28734 
12.8331 0.349842 2.48226 
12.9206 0.573285 2.61682 
13.0016 0.788349 2.67615 
13.0802 0.99816 2.64752 
13.1588 1.20177 2.51752 
13.2441 1.40649 2.26183 
13.3108 1.5485 1.99506 
13.373 1.6639 1.71261 
13.4352 1.76125 1.41775 
13.4976 1.8406 1.12718 
13.5629 1.90476 0.843979 
13.6365 1.95623 0.561322 
13.7342 1.99545 0.254157 
13.8308 2.00829 0.0219306 
13.925 2.00199 -0.148118 
14.0193 1.98176 -0.275867 
14.119 1.94896 -0.377974 
14.2279 1.90295 -0.463265 
14.351 1.84115 -0.538906 
14.4942 1.75865 -0.611963 
14.6656 1.64691 -0.691699 
14.8751 1.49162 -0.793389 
15.129 1.27213 -0.944358 
15.3468 1.04855 -1.11926 
15.5324 0.823176 -1.32043 
15.7021 0.579481 -1.56256 
15.8718 0.289066 -1.87043 
16.0038 0.023908 -2.14849 
16.1087 -0.213422 -2.37276 
16.2011 -0.441046 -2.54484 
16.2857 -0.661346 -2.65068 
16.3651 -0.873282 -2.6761 
16.4444 -1.08356 -2.60657 
16.5253 -1.28782 -2.42691 
16.6034 -1.46745 -2.15731 
16.668 -1.59807 -1.88176 
16.7293 -1.70466 -1.59631 
16.7906 -1.79353 -1.30598 
16.8534 -1.86648 -1.01954 
16.9209 -1.92561 -0.737941 
17.0004 -1.97255 -0.451448 
17.1065 -2.00363 -0.148449 
17.2009 -2.0077 0.0533069 
17.2953 -1.9952 0.204772 
17.3921 -1.96949 0.321444 
17.4954 -1.93124 0.415657 
17.6097 -1.87896 0.496069 
17.7404 -1.80916 0.569691 
17.8945 -1.71561 0.644209 
18.0808 -1.5876 0.730824 
18.309 -1.40781 0.849155 
18.5645 -1.17039 1.02094 
18.7636 -0.949806 1.20438 
18.9402 -0.71896 1.42128 
19.1098 -0.45586 1.69225 
19.2795 -0.141021 2.02764 
19.3915 0.0996812 2.26957 
19.4893 0.331662 2.46871 
19.5773 0.555681 2.60865 
19.6588 0.771441 2.67448 
19.7373 0.981287 2.6535 
19.8158 1.18558 2.53208 
19.9002 1.38969 2.28821 
19.9678 1.53554 2.02289 
20.0303 1.65335 1.74124 
20.0915 1.75098 1.45175 
20.1526 1.83093 1.16559 
20.217 1.89671 0.88277 
20.2889 1.94982 0.600965 
20.381 1.99082 0.301202 
20.4791 2.00772 0.054142 
20.5731 2.00409 -0.12352 
20.667 1.98594 -0.257009 
20.7657 1.95515 -0.362751 
20.8729 1.91139 -0.450274 
20.9933 1.85241 -0.527024 
21.1328 1.77372 -0.599963 
21.299 1.66751 -0.677801 
21.5017 1.52055 -0.774471 
21.7486 1.31288 -0.914997 
21.9767 1.08559 -1.08858 
22.166 0.861959 -1.28409 
22.3371 0.623265 -1.51753 
22.5082 0.339009 -1.81694 
22.6504 0.0598352 -2.11193 
22.7575 -0.1788 -2.34236 
22.8514 -0.407583 -2.523 
22.937 -0.629104 -2.63972 
23.0169 -0.842089 -2.67785 
23.0967 -1.0545 -2.6226 
23.1773 -1.25981 -2.45896 
23.2603 -1.45304 -2.18331 
23.3252 -1.5861 -1.91018 
23.3866 -1.69475 -1.62547 
23.448 -1.78562 -1.3341 
23.5107 -1.86011 -1.04674 
23.5776 -1.92049 -0.764859 
23.6554 -1.96857 -0.479697 
23.7652 -2.00288 -0.160274 
23.8599 -2.00791 0.0449236 
23.9545 -1.99605 0.198879 
24.0512 -1.97086 0.316908 
24.1542 -1.93317 0.411919 
24.2679 -1.88155 0.492784 
24.3978 -1.81261 0.566555 
24.5507 -1.72026 0.640842 
24.7354 -1.59404 0.726613 
24.9617 -1.41694 0.842988 
25.2198 -1.17869 1.01452 
25.42 -0.958262 1.19691 
25.5973 -0.727965 1.4124 
25.7667 -0.466925 1.68052 
25.9362 -0.154703 2.01328 
26.0495 0.0873668 2.25789 
26.1479 0.319853 2.45973 
26.2364 0.544237 2.6031 
26.3181 0.760456 2.6731 
26.3966 0.970374 2.657 
26.4752 1.17515 2.54105 
26.559 1.37898 2.30451 
26.6272 1.52743 2.03995 
26.69 1.64676 1.75882 
26.7511 1.74542 1.46985 
26.8122 1.82642 1.18324 
26.8763 1.89305 0.90005 
26.9476 1.94691 0.618443 
27.0375 1.98868 0.321243 
27.1364 2.00735 0.067546 
27.2304 2.00482 -0.11337 
27.3243 1.98751 -0.249303 
27.4226 1.95751 -0.356576 
27.5291 1.91463 -0.445042 
27.6485 1.85674 -0.522281 
27.7865 1.77951 -0.595235 
27.9508 1.67539 -0.67242 
28.1508 1.53159 -0.767279 
28.3949 1.32848 -0.903941 
28.6272 1.09958 -1.07717 
28.818 0.876559 -1.27059 
28.9898 0.639482 -1.501 
29.1616 0.357196 -1.79747 
29.308 0.0722881 -2.09913 
29.4158 -0.166722 -2.33153 
29.5102 -0.395938 -2.51509 
29.5962 -0.617866 -2.63551 
29.6763 -0.831247 -2.67798 
29.7564 -1.04443 -2.62764 
29.8368 -1.25018 -2.4694 
29.9216 -1.4485 -2.19132 
29.9866 -1.58227 -1.9191 
30.0481 -1.6916 -1.63462 
30.1096 -1.78312 -1.34291 
30.1723 -1.85809 -1.05523 
30.2389 -1.91886 -0.773248 
30.3162 -1.96731 -0.488445 
30.4274 -2.00268 -0.163343 
30.5222 -2.00796 0.0427906 
30.6169 -1.99625 0.197415 
30.7137 -1.9712 0.31579 
30.8165 -1.93363 0.411 
30.9301 -1.88217 0.491979 
31.0598 -1.81344 0.565789 
31.2124 -1.72139 0.640023 
31.3967 -1.5956 0.725594 
31.6225 -1.41915 0.8415 
31.8812 -1.1807 1.01296 
32.0818 -0.960313 1.1951 
32.2592 -0.730144 1.41025 
32.4286 -0.469591 1.67769 
32.598 -0.157987 2.00982 
32.7116 0.084431 2.25509 
32.8102 0.317039 2.45757 
32.8988 0.54151 2.60174 
32.9806 0.757839 2.67274 
33.0591 0.967779 2.6578 
33.1377 1.17268 2.54313 
33.2214 1.37644 2.3083 
33.2897 1.52553 2.04389 
33.3526 1.64523 1.76289 
33.4137 1.74413 1.47404 
33.4748 1.82536 1.18732 
33.5388 1.8922 0.904043 
33.6099 1.94623 0.622473 
33.6994 1.98818 0.325815 
33.7985 2.00725 0.0705726 
33.8925 2.00498 -0.111085 
33.9864 1.98786 -0.247576 
34.0846 1.95803 -0.355195 
34.191 1.91534 -0.443874 
34.3102 1.85769 -0.521226 
34.4479 1.78078 -0.594189 
34.6116 1.67712 -0.671235 
34.8111 1.53401 -0.765707 
35.0545 1.33189 -0.901533 
35.2878 1.10263 -1.0747 
35.479 0.879742 -1.26766 
35.6509 0.643 -1.49742 
35.8228 0.361119 -1.79327 
35.9701 0.0749431 -2.0964 
36.0781 -0.164142 -2.3292 
36.1727 -0.393453 -2.51338 
36.2587 -0.615467 -2.63458 
36.3389 -0.828934 -2.67798 
36.419 -1.04228 -2.62868 
36.4995 -1.24813 -2.47158 
36.5847 -1.44756 -2.19297 
36.6497 -1.58148 -1.92095 
36.7112 -1.69094 -1.63652 
36.7727 -1.7826 -1.34473 
36.8353 -1.85768 -1.05699 
36.902 -1.91853 -0.774983 
36.9791 -1.96705 -0.49025 
37.0921 -2.00288 -0.160289 
37.187 -2.0079 0.0452719 
37.2818 -1.99597 0.19941 
37.3786 -1.97072 0.317381 
37.4816 -1.93296 0.412322 
37.5954 -1.88127 0.493141 
37.7254 -1.81224 0.566896 
37.8784 -1.71975 0.641208 
38.0633 -1.59335 0.72707 
38.2898 -1.41595 0.843654 
38.5476 -1.17778 1.01521 
38.7477 -0.957345 1.19772 
38.9249 -0.726989 1.41336 
39.0944 -0.46573 1.68178 
39.2638 -0.153229 2.01483 
39.377 0.0886873 2.25914 
39.4754 0.321118 2.4607 
39.5638 0.545464 2.6037 
39.6455 0.761634 2.67326 
39.724 0.971542 2.65664 
39.8025 1.17626 2.5401 
39.8864 1.38012 2.30279 
39.9546 1.52828 2.03816 
40.0173 1.64746 1.75698 
40.0784 1.74601 1.46795 
40.1395 1.82689 1.18139 
40.2037 1.89344 0.898238 
40.275 1.94722 0.616613 
40.3652 1.98891 0.319161 
40.464 2.00739 0.0661636 
40.5579 2.00475 -0.114414 
40.6518 1.98735 -0.250094 
40.7502 1.95727 -0.357208 
40.8568 1.91431 -0.445577 
40.9763 1.8563 -0.522765 
41.1144 1.77892 -0.595716 
41.2789 1.6746 -0.672965 
41.4792 1.53048 -0.768004 
41.7235 1.3269 -0.905052 
41.9554 1.09817 -1.07832 
42.1461 0.875091 -1.27194 
42.3178 0.637858 -1.50265 
42.4895 0.355382 -1.79941 
42.6355 0.0710572 -2.1004 
42.7432 -0.167918 -2.33261 
42.8376 -0.39709 -2.51588 
42.9235 -0.618978 -2.63593 
43.0036 -0.83232 -2.67798 
43.0837 -1.04543 -2.62715 
43.1641 -1.25113 -2.46838 
43.2488 -1.44894 -2.19055 
43.3138 -1.58265 -1.91824 
43.3752 -1.6919 -1.63374 
43.4367 -1.78336 -1.34206 
43.4994 -1.85829 -1.05441 
43.566 -1.91902 -0.772438 
43.6434 -1.96743 -0.487601 
43.7545 -2.0027 -0.163061 
43.8492 -2.00796 0.0429859 
43.944 -1.99624 0.197548 
44.0407 -1.97117 0.315892 
44.1435 -1.93359 0.411084 
44.2571 -1.88212 0.492052 
44.3868 -1.81337 0.565858 
44.5395 -1.72128 0.640097 
44.7238 -1.59546 0.725686 
44.9497 -1.41895 0.841634 
45.2083 -1.18052 1.0131 
45.4089 -0.960127 1.19526 
45.5863 -0.729947 1.41045 
45.7557 -0.46935 1.67795 
45.9251 -0.157691 2.01013 
46.0387 0.0846955 2.25534 
46.1373 0.317293 2.45777 
46.2258 0.541756 2.60187 
46.3076 0.758075 2.67277 
46.3861 0.968013 2.65772 
46.4647 1.1729 2.54294 
46.5484 1.37667 2.30796 
46.6167 1.5257 2.04354 
46.6796 1.64537 1.76253 
46.7407 1.74424 1.47366 
46.8018 1.82546 1.18695 
46.8658 1.89228 0.903685 
46.937 1.94629 0.622112 
47.0265 1.98823 0.325406 
47.1256 2.00726 0.0703025 
47.2195 2.00496 -0.111289 
47.3134 1.98782 -0.24773 
47.4117 1.95798 -0.355318 
47.518 1.91528 -0.443978 
47.6372 1.8576 -0.52132 
47.775 1.78066 -0.594282 
47.9388 1.67697 -0.671341 
48.1383 1.53379 -0.765846 
48.3818 1.33159 -0.901746 
48.615 1.10236 -1.07492 
48.8061 0.87946 -1.26792 
48.978 0.642688 -1.49774 
49.15 0.360771 -1.79364 
49.2972 0.0747083 -2.09664 
49.4051 -0.164371 -2.32941 
49.4997 -0.393673 -2.51354 
49.5857 -0.615679 -2.63466 
49.6659 -0.829139 -2.67798 
49.746 -1.04247 -2.62859 
49.8264 -1.24831 -2.47139 
49.9116 -1.44765 -2.19283 
49.9766 -1.58155 -1.92079 
50.0382 -1.691 -1.63635 
50.0997 -1.78264 -1.34457 
50.1623 -1.85771 -1.05683 
50.2289 -1.91856 -0.77483 
50.3061 -1.96707 -0.490091 
50.4191 -2.00289 -0.160056 
50.514 -2.0079 0.0454432 
50.6088 -1.99596 0.199535 
50.7056 -1.97069 0.317479 
50.8086 -1.93292 0.412403 
50.9224 -1.88121 0.493212 
51.0524 -1.81216 0.566964 
51.2055 -1.71965 0.64128 
51.3904 -1.59321 0.72716 
51.6169 -1.41576 0.843786 
51.8747 -1.17761 1.01535 
52.0748 -0.957164 1.19788 
52.252 -0.726796 1.41355 
52.4214 -0.465494 1.68203 
52.5909 -0.152938 2.01513 
52.704 0.0889481 2.25939 
52.8024 0.321368 2.46089 
52.8908 0.545706 2.60382 
52.9725 0.761866 2.67329 
53.051 0.971773 2.65657 
53.1295 1.17648 2.53992 
53.2134 1.38034 2.30245 
53.2816 1.52845 2.0378 
53.3443 1.6476 1.75661 
53.4054 1.74612 1.46757 
53.4665 1.82699 1.18102 
53.5307 1.89352 0.897879 
53.602 1.94728 0.616251 
53.6922 1.98895 0.318748 
53.791 2.0074 0.065889 
53.885 2.00473 -0.114622 
53.9789 1.98732 -0.250251 
54.0772 1.95722 -0.357334 
54.1838 1.91424 -0.445683 
54.3034 1.85621 -0.522861 
54.4416 1.77881 -0.595812 
54.606 1.67444 -0.673073 
54.8064 1.53026 -0.768148 
55.0508 1.32659 -0.905273 
55.2826 1.09789 -1.07854 
55.4733 0.874799 -1.27221 
55.6449 0.637534 -1.50298 
55.8166 0.35502 -1.7998 
55.9625 0.0708114 -2.10065 
56.0702 -0.168156 -2.33282 
56.1646 -0.39732 -2.51604 
56.2505 -0.6192 -2.63602 
56.3306 -0.832534 -2.67798 
56.4107 -1.04563 -2.62706 
56.4911 -1.25132 -2.46818 
56.5757 -1.44903 -2.19039 
56.6407 -1.58272 -1.91806 
56.7022 -1.69196 -1.63356 
56.7637 -1.78341 -1.34189 
56.8263 -1.85833 -1.05424 
56.893 -1.91905 -0.772275 
56.9704 -1.96746 -0.487432 
57.0814 -2.0027 -0.163004 
57.1762 -2.00796 0.0430253 
57.2709 -1.99623 0.197575 
57.3676 -1.97116 0.315912 
57.4704 -1.93358 0.4111 
57.5841 -1.88211 0.492067 
57.7138 -1.81335 0.565872 
57.8664 -1.72126 0.640112 
58.0508 -1.59543 0.725704 
58.2767 -1.41891 0.841661 
58.5353 -1.18048 1.01313 
58.7358 -0.96009 1.1953 
58.9132 -0.729907 1.41049 
59.0826 -0.469302 1.678 
59.252 -0.157631 2.0102 
59.3656 0.084749 2.25539 
59.4642 0.317344 2.45781 
59.5527 0.541806 2.60189 
59.6345 0.758123 2.67278 
59.7131 0.96806 2.65771 
59.7916 1.17294 2.54291 
59.8753 1.37672 2.30789 
59.9437 1.52573 2.04347 
60.0065 1.64539 1.76245 
60.0676 1.74427 1.47359 
60.1287 1.82548 1.18688 
60.1928 1.89229 0.903612 
60.2639 1.9463 0.622039 
60.3534 1.98823 0.325323 
60.4525 2.00726 0.0702478 
60.5464 2.00496 -0.11133 
60.6404 1.98782 -0.247761 
60.7386 1.95797 -0.355343 
60.845 1.91527 -0.443999 
60.9642 1.85758 -0.521339 
61.1019 1.78064 -0.594301 
61.2658 1.67694 -0.671362 
61.4653 1.53375 -0.765875 
61.7088 1.33153 -0.90179 
61.942 1.10231 -1.07496 
62.1331 0.879403 -1.26797 
62.305 0.642625 -1.4978 
62.4769 0.360701 -1.79372 
62.6241 0.0746608 -2.09669 
62.7321 -0.164417 -2.32945 
62.8266 -0.393717 -2.51357 
62.9127 -0.615722 -2.63468 
62.9928 -0.82918 -2.67798 
63.0729 -1.04251 -2.62857 
63.1534 -1.24835 -2.47135 
63.2386 -1.44766 -2.1928 
63.3036 -1.58156 -1.92075 
63.3651 -1.69101 -1.63632 
63.4266 -1.78265 -1.34454 
63.4892 -1.85772 -1.0568 
63.5558 -1.91856 -0.774799 
63.633 -1.96707 -0.490059 
63.7461 -2.0029 -0.160009 
63.8409 -2.0079 0.045478 
63.9358 -1.99595 0.19956 
64.0326 -1.97069 0.317498 
64.1355 -1.93291 0.412419 
64.2494 -1.8812 0.493226 
64.3794 -1.81215 0.566977 
64.5324 -1.71963 0.641295 
64.7173 -1.59318 0.727178 
64.9439 -1.41572 0.843813 
65.2016 -1.17757 1.01538 
65.4018 -0.957127 1.19791 
65.5789 -0.726757 1.41359 
65.7484 -0.465446 1.68208 
65.9178 -0.152879 2.01519 
66.031 0.0890011 2.25944 
66.1293 0.321419 2.46093 
66.2177 0.545756 2.60384 
66.2994 0.761913 2.6733 
66.3779 0.97182 2.65656 
66.4565 1.17653 2.53988 
66.5404 1.38039 2.30238 
66.6085 1.52849 2.03773 
66.6712 1.64763 1.75654 
66.7324 1.74615 1.4675 
66.7935 1.82701 1.18094 
66.8576 1.89353 0.897806 
66.9289 1.94729 0.616177 
67.0192 1.98896 0.318664 
67.118 2.0074 0.0658333 
67.2119 2.00473 -0.114664 
67.3058 1.98732 -0.250283 
67.4042 1.95721 -0.35736 
67.5108 1.91423 -0.445705 
67.6303 1.85619 -0.52288 
67.7685 1.77878 -0.595831 
67.933 1.67441 -0.673095 
68.1333 1.53021 -0.768178 
68.3778 1.32652 -0.905318 
68.6096 1.09783 -1.07859 
68.8002 0.874739 -1.27227 
68.9719 0.637469 -1.50304 
69.1436 0.354946 -1.79988 
69.2894 0.0707614 -2.10071 
69.3972 -0.168205 -2.33286 
69.4915 -0.397367 -2.51607 
69.5775 -0.619245 -2.63603 
69.6575 -0.832577 -2.67798 
69.7376 -1.04567 -2.62704 
69.8181 -1.25136 -2.46814 
69.9027 -1.44905 -2.19036 
69.9676 -1.58273 -1.91803 
70.0291 -1.69198 -1.63352 
70.0906 -1.78342 -1.34185 
70.1532 -1.85834 -1.05421 
70.2199 -1.91906 -0.772242 
70.2973 -1.96746 -0.487397 
70.4083 -2.0027 -0.162992 
70.5031 -2.00795 0.0430333 
70.5978 -1.99623 0.19758 
70.6945 -1.97116 0.315916 
70.7974 -1.93358 0.411104 
70.911 -1.8821 0.49207 
71.0407 -1.81335 0.565875 
71.1933 -1.72126 0.640115 
71.3777 -1.59543 0.725708 
71.6036 -1.4189 0.841667 
71.8622 -1.18048 1.01313 
72.0627 -0.960082 1.1953 
72.2402 -0.729899 1.41049 
72.4095 -0.469292 1.67801 
72.5789 -0.157619 2.01021 
72.6925 0.0847599 2.2554 
72.7911 0.317354 2.45781 
72.8797 0.541816 2.6019 
72.9615 0.758132 2.67278 
73.04 0.96807 2.65771 
73.1185 1.17295 2.5429 
73.2022 1.37673 2.30788 
73.2706 1.52574 2.04345 
73.3334 1.6454 1.76244 
73.3945 1.74427 1.47357 
73.4556 1.82548 1.18686 
73.5197 1.8923 0.903598 
73.5908 1.94631 0.622024 
73.6804 1.98824 0.325306 
73.7794 2.00726 0.0702366 
73.8734 2.00496 -0.111338 
73.9673 1.98782 -0.247767 
74.0655 1.95797 -0.355348 
74.1719 1.91527 -0.444004 
74.2911 1.85758 -0.521343 
74.4289 1.78064 -0.594304 
74.5927 1.67693 -0.671366 
74.7922 1.53374 -0.76588 
75.0357 1.33151 -0.901798 
75.2689 1.1023 -1.07497 
75.46 0.879391 -1.26798 
75.6319 0.642612 -1.49782 
75.8038 0.360686 -1.79373 
75.951 0.0746511 -2.0967 
76.059 -0.164426 -2.32946 
76.1535 -0.393727 -2.51357 
76.2396 -0.615731 -2.63468 
76.3197 -0.829189 -2.67798 
76.3999 -1.04252 -2.62857 
76.4803 -1.24835 -2.47134 
76.5655 -1.44767 -2.19279 
76.6305 -1.58157 -1.92075 
76.692 -1.69101 -1.63631 
76.7535 -1.78265 -1.34453 
76.8161 -1.85772 -1.0568 
76.8828 -1.91856 -0.774793 
76.96 -1.96707 -0.490053 
77.073 -2.0029 -0.159999 
77.1678 -2.0079 0.0454851 
77.2627 -1.99595 0.199565 
77.3595 -1.97068 0.317503 
77.4625 -1.93291 0.412422 
77.5763 -1.8812 0.493229 
77.7063 -1.81214 0.56698 
77.8593 -1.71963 0.641298 
78.0443 -1.59317 0.727182 
78.2708 -1.41571 0.843818 
78.5285 -1.17756 1.01539 
78.7287 -0.957119 1.19792 
78.9058 -0.726749 1.4136 
79.0753 -0.465436 1.68209 
79.2447 -0.152867 2.01521 
79.3579 0.0890119 2.25945 
79.4562 0.321429 2.46094 
79.5446 0.545766 2.60385 
79.6263 0.761923 2.6733 
79.7049 0.971829 2.65655 
79.7834 1.17654 2.53987 
79.8673 1.3804 2.30237 
79.9354 1.52849 2.03772 
79.9982 1.64763 1.75652 
80.0593 1.74615 1.46748 
80.1204 1.82701 1.18093 
80.1845 1.89354 0.897792 
80.2559 1.94729 0.616162 
80.3461 1.98897 0.318647 
80.4449 2.0074 0.0658219 
80.5388 2.00473 -0.114672 
80.6328 1.98732 -0.25029 
80.7311 1.95721 -0.357365 
80.8377 1.91422 -0.445709 
80.9572 1.85619 -0.522884 
81.0954 1.77878 -0.595835 
81.2599 1.6744 -0.6731 
81.4603 1.5302 -0.768184 
81.7047 1.32651 -0.905328 
81.9365 1.09782 -1.0786 
82.1272 0.874727 -1.27228 
82.2988 0.637455 -1.50306 
82.4705 0.354931 -1.79989 
82.6164 0.0707512 -2.10072 
82.7241 -0.168215 -2.33287 
82.8185 -0.397376 -2.51608 
82.9044 -0.619255 -2.63604 
82.9845 -0.832586 -2.67798 
83.0645 -1.04567 -2.62703 
83.145 -1.25136 -2.46813 
83.2296 -1.44905 -2.19035 
83.2946 -1.58274 -1.91802 
83.356 -1.69198 -1.63352 
83.4175 -1.78342 -1.34184 
83.4802 -1.85834 -1.0542 
83.5468 -1.91906 -0.772236 
83.6242 -1.96746 -0.48739 
83.7352 -2.0027 -0.16299 
83.83 -2.00795 0.0430349 
83.9247 -1.99623 0.197581 
84.0214 -1.97116 0.315917 
84.1243 -1.93358 0.411105 
84.2379 -1.8821 0.49207 
84.3676 -1.81335 0.565876 
84.5202 -1.72126 0.640115 
84.7046 -1.59543 0.725709 
84.9305 -1.4189 0.841668 
85.1891 -1.18048 1.01314 
85.3897 -0.960081 1.1953 
85.5671 -0.729897 1.4105 
85.7365 -0.46929 1.67801 
85.9058 -0.157616 2.01021 
86.0195 0.0847622 2.2554 
86.118 0.317357 2.45782 
86.2066 0.541818 2.6019 
86.2884 0.758134 2.67278 
86.3669 0.968072 2.65771 
86.4454 1.17295 2.5429 
86.5292 1.37673 2.30788 
86.5975 1.52574 2.04345 
86.6603 1.6454 1.76243 
86.7215 1.74427 1.47357 
86.7826 1.82548 1.18686 
86.8466 1.8923 0.903595 
86.9177 1.94631 0.622021 
87.0073 1.98824 0.325303 
87.1064 2.00727 0.0702344 
87.2003 2.00496 -0.11134 
87.2942 1.98782 -0.247769 
87.3924 1.95797 -0.355349 
87.4988 1.91527 -0.444005 
87.618 1.85758 -0.521344 
87.7558 1.78063 -0.594305 
87.9196 1.67693 -0.671367 
88.1191 1.53374 -0.765881 
88.3626 1.33151 -0.9018 
88.5958 1.10229 -1.07497 
88.7869 0.879388 -1.26799 
88.9589 0.642609 -1.49782 
89.1308 0.360684 -1.79373 
89.278 0.0746491 -2.0967 
89.3859 -0.164428 -2.32946 
89.4805 -0.393728 -2.51357 
89.5665 -0.615733 -2.63468 
89.6466 -0.829191 -2.67798 
89.7268 -1.04252 -2.62857 
89.8072 -1.24836 -2.47134 
89.8924 -1.44767 -2.19279 
89.9574 -1.58157 -1.92075 
90.0189 -1.69101 -1.63631 
90.0804 -1.78265 -1.34453 
90.143 -1.85772 -1.05679 
90.2097 -1.91856 -0.774791 
90.2869 -1.96707 -0.490051 
90.3999 -2.0029 -0.159997 
90.4948 -2.0079 0.0454865 
90.5896 -1.99595 0.199567 
90.6864 -1.97068 0.317503 
90.7894 -1.93291 0.412423 
90.9032 -1.8812 0.49323 
91.0332 -1.81214 0.566981 
91.1862 -1.71963 0.641298 
91.3712 -1.59317 0.727182 
91.5978 -1.41571 0.843819 
91.8555 -1.17756 1.01539 
92.0556 -0.957118 1.19792 
92.2328 -0.726748 1.4136 
92.4022 -0.465434 1.6821 
92.5717 -0.152865 2.01521 
92.6848 0.0890141 2.25946 
92.7832 0.321431 2.46094 
92.8716 0.545768 2.60385 
92.9533 0.761925 2.6733 
93.0318 0.971831 2.65655 
93.1103 1.17654 2.53987 
93.1942 1.3804 2.30237 
93.2623 1.5285 2.03771 
93.3251 1.64763 1.75652 
93.3862 1.74615 1.46748 
93.4473 1.82701 1.18093 
93.5115 1.89354 0.897789 
93.5828 1.94729 0.616159 
93.673 1.98897 0.318643 
93.7718 2.0074 0.0658195 
93.8657 2.00473 -0.114674 
93.9597 1.98732 -0.250291 
94.058 1.95721 -0.357366 
94.1646 1.91422 -0.44571 
94.2842 1.85619 -0.522885 
94.4224 1.77878 -0.595836 
94.5868 1.6744 -0.673101 
94.7872 1.5302 -0.768185 
95.0316 1.32651 -0.905329 
95.2634 1.09782 -1.0786 
95.4541 0.874725 -1.27228 
95.6257 0.637452 -1.50306 
95.7974 0.354928 -1.7999 
95.9433 0.0707491 -2.10072 
96.051 -0.168217 -2.33287 
96.1454 -0.397378 -2.51608 
96.2313 -0.619257 -2.63604 
96.3114 -0.832588 -2.67798 
96.3914 -1.04568 -2.62703 
96.4719 -1.25136 -2.46813 
96.5565 -1.44905 -2.19035 
96.6215 -1.58274 -1.91802 
96.683 -1.69198 -1.63352 
96.7445 -1.78342 -1.34184 
96.8071 -1.85834 -1.0542 
96.8738 -1.91906 -0.772234 
96.9511 -1.96746 -0.487389 
97.0622 -2.0027 -0.162989 
97.1569 -2.00795 0.0430353 
97.2517 -1.99623 0.197582 
97.3484 -1.97116 0.315917 
97.4512 -1.93358 0.411105 
97.5648 -1.8821 0.49207 
97.6946 -1.81335 0.565876 
97.8472 -1.72126 0.640116 
98.0315 -1.59543 0.725709 
98.2574 -1.4189 0.841668 
98.5161 -1.18048 1.01314 
98.7166 -0.96008 1.1953 
98.894 -0.729897 1.4105 
99.0634 -0.469289 1.67801 
99.2328 -0.157616 2.01021 
99.3464 0.0847626 2.2554 
99.445 0.317357 2.45782 
99.5335 0.541818 2.6019 
99.6153 0.758135 2.67278 
99.6938 0.968072 2.65771 
99.7724 1.17295 2.5429 
99.8561 1.37673 2.30787 
99.9244 1.52574 2.04345 
99.9873 1.6454 1.76243 
100 1.66746 1.70287 
